spawns: 
  default: 
    world: world
    x: 265.41477534182656
    y: 63.0
    z: 259.37250366106366
    yaw: -180.1496
    pitch: 3.149489
